2020250114
3030110276
3131100044
5050100651
5050130577
5050130600
5050130605
5050130606
5050140260
5050200684
5050200685
5050400039
6161100269
6161100280
6161100281
6161100282
6262300043
6262400013
6262400014
6565750048
6565750051
6565750055
6565750056
6565750057
6565750058
8080060031
8080070002
8080080094
8080120168
8080120170
8080120326
8080120349
8080130234
8585100084
2020100922
2020100950
2020300900
2020300901
3030110502
3030160069
3131100004
3131100012
3131100027
3131100028
3131100029
3131100030
3131100031
3131100032
3131100033
3131100039
3131100042
5050090606
5050090618
5050090619
5050100644
5050110765
5050120048
5050120206
5050120572
5050120742
5050120746
5050130038
5050130467
5050130565
5050130566
5050130603
5050130604
5050140356
5050140373
5050140374
5050140381
5050140451
5050140452
5050140472
5050180156
5050180157
5050200662
5050200674
5050200687
5050300088
5555300040
5555300041
6262100026
6262200010
8080120054
8585100143
8585100147
8585100152
8585100153
8585350022
2020250137
3030110302
3030300087
4040100013
4040100015
4040100016
4040100018
4040100044
4040100094
4040100097
4040100103
4040100104
4040100154
4040100157
4040100158
4040100159
4040100160
4040100175
4040200097
4040200148
4040200155
5050110825
5050120854
5050120855
5050140444
5050140446
5050200141
5555300035
6060100055
6060100108
6060100109
6060100110
6060100115
6060100116
6060100119
6060100132
6060100137
6060100227
6060100267
6060100450
6060100451
6060100452
6060100454
6060200158
6060400050
6060400051
6060400052
6161100030
6161100043
6161200002
6161300055
6565100039
6565800048
7070700080
7070700113
8080080033
8080130376
8080150024
8585100016
8585100058
8585100059
8585100066
8585100067
8585100076
8585100081
8585100083
8585100085
8585100087
8585100128
8585100129
8585750220
1010400078
1010500005
1010510038
2020100703
2020100942
2020100944
2020160250
2020300341
2020300344
2020300525
2020300535
2020300604
2020300894
4040200067
4040200079
4040200093
4040200188
4040200215
4040200217
4040200224
4040200236
4040250049
4040250050
4040250067
6565300209
6565300210
6565550046
6565550047
6565600224
6565700061
6565700089
6565700091
6565700114
6565700122
6565700179
6565700180
6565700181
6565700182
6565700184
6565700185
6565700201
6565700221
6565700230
6565700249
6565700252
6565750034
6565800046
6565800047
6565800049
1010500023
2020300777
2020100890
3030110332
3030110333
3030110329
6060400030
6060400023
6060400022
4040250068
4040200225
4040200220
6565700096
6565700098
6565700103
3030150155
4040100079
4040100082
4040200133
6161600082
6262100018
6262100024
6262100046
6262300040
8080120052
8080120068
8080120083
8080120274
8080120275
8080120277
8080120298
8080120319
8080120345
8080120347
8080130062
8080130064
8080130255
8080130371
8080500040
8080500041
8585100097
8585100113
8585100116
8585100117
8585100135
8585100137
8585700006
8585750126
8585750127
8585750129
8585750164
8585750165
8585750188
8585750191
8585750228
8585900105
8585900197
8585900198
8585900199
4040200122
4040300022
4040300023
4040300162
6262100083
6262300012
6262400007
------
4040250076
4040250078
4040250079
4040250081
2020200017
2020200024
2020200080
2020200393
5050110147
5050110171
5050110172
5050110173
5050110174
5050110175
5050200525
5050200568
5050200602
5050200603
5050200675
5050300012
5555500044
6060300002
6161100029
6161200017
6161200018
6161500032
6161500062
6161600072
8585100068
8080120267
6565200052
6565200074
5050120687
5050120688
5050120689
5050120887