2020250114
3030110276
3131100044
5050100651
5050130577
5050130600
5050130605
5050130606
5050140260
5050200684
5050200685
5050400039
6161100269
6161100280
6161100281
6161100282
6262300043
6262400013
6262400014
6565750048
6565750051
6565750055
6565750056
6565750057
6565750058
8080060031
8080070002
8080080094
8080120168
8080120170
8080120326
8080120349
8080130234
8585100084
2020100922
2020100950
2020300900
2020300901
3030110502
3030160069
3131100004
3131100012
3131100027
3131100028
3131100029
3131100030
3131100031
3131100032
3131100033
3131100039
3131100042
5050090606
5050090618
5050090619
5050100644
5050110765
5050120048
5050120206
5050120572
5050120742
5050120746
5050130038
5050130467
5050130565
5050130566
5050130603
5050130604
5050140356
5050140373
5050140374
5050140381
5050140451
5050140452
5050140472
5050180156
5050180157
5050200662
5050200674
5050200687
5050300088
5555300040
5555300041
6262100026
6262200010
8080120054
8585100143
8585100147
8585100152
8585100153
8585350022
2020250137
3030110302
3030300087
4040100013
4040100015
4040100016
4040100018
4040100044
4040100094
4040100097
4040100103
4040100104
4040100154
4040100157
4040100158
4040100159
4040100160
4040100175
4040200097
4040200148
4040200155
5050110825
5050120854
5050120855
5050140444
5050140446
5050200141
5555300035
6060100055
6060100108
6060100109
6060100110
6060100115
6060100116
6060100119
6060100132
6060100137
6060100227
6060100267
6060100450
6060100451
6060100452
6060100454
6060200158
6060400050
6060400051
6060400052
6161100030
6161100043
6161200002
6161300055
6565100039
6565800048
7070700080
7070700113
8080080033
8080130376
8080150024
8585100016
8585100058
8585100059
8585100066
8585100067
8585100076
8585100081
8585100083
8585100085
8585100087
8585100128
8585100129
8585750220
