3030150155
4040100079
4040100082
4040200133
6161600082
6262100018
6262100024
6262100046
6262300040
8080120052
8080120068
8080120083
8080120274
8080120275
8080120277
8080120298
8080120319
8080120345
8080120347
8080130062
8080130064
8080130255
8080130371
8080500040
8080500041
8585100097
8585100113
8585100116
8585100117
8585100135
8585100137
8585700006
8585750126
8585750127
8585750129
8585750164
8585750165
8585750188
8585750191
8585750228
8585900105
8585900197
8585900198
8585900199
4040200122
4040300022
4040300023
4040300162
6262100083
6262300012
6262400007
